%YAML:1.0
I: !!opencv-matrix
   rows: 3
   cols: 3
   dt: d
   data: [594.987158, 0.000000, 302.567344, 0.000000, 583.363361, 235.994757, 0.000000, 0.000000, 1.000000]
D: !!opencv-matrix
   rows: 1
   cols: 5
   dt: d
   data: [-0.629395, 0.358529, 0.000937, 0.008590, 0.000000]