%YAML:1.0
I: !!opencv-matrix
   rows: 3
   cols: 3
   dt: d
   data: [205.46963709898583, 0.0, 320.5, 0.0, 205.46963709898583, 240.5, 0.0, 0.0, 1.0]
D: !!opencv-matrix
   rows: 1
   cols: 5
   dt: d
   data: [0.00, 0.00, 0.00, 0.00, 0.00]
